A=[1/10+1/20, -1/10, -1/20;
	-1/10, 1/10+1/50+1/40, -1/40;
	-1/20, -1/40, 1/20+1/40];
I=[5, 0, 2];
V=I*A^-1;
