R=[10+30, -10, -30;
    -10, 10+15+5,-5;
    -30, -5, 5+30+30];
V=[10;0;0];
I=R^-1*V;